K-means clustering with 4 clusters of sizes 33, 113, 23, 12

Cluster means:
  Bare.nuclei Bl.cromatin  Cell.shape   Cell.size Cl.thickness Epith.c.size
1  0.07611890  0.07083282  0.16129748  0.20038066   0.10902894  0.044273529
2 -0.01225042 -0.01326126 -0.01990004 -0.02747805  -0.02152388 -0.005660308
3  0.10886350  0.07970867  0.17856684  0.20463676   0.01268753  0.045212608
4  0.10873249  0.04891708  0.12609393  0.03365457   0.07897586  0.050145652
  Marg.adhesion      Mitoses Normal.nucleoli          age           sex
1  0.0420992383  0.006986534      0.09286219 0.0003052966  0.0007315520
2  0.0005922444 -0.002363220     -0.01166265 0.0002732844 -0.0001541537
3  0.0722669294  0.002258214      0.07869756 0.0030699252  0.0003263377
4  0.0194801225  0.003791698      0.06484881 0.0003099735  0.0011444004

Clustering vector:
  [1] 2 2 1 2 1 1 1 3 3 2 2 2 2 2 1 2 2 2 2 3 3 2 2 2 2 2 4 2 2 1 1 2 1 1 3 2 2
 [38] 2 2 2 3 2 2 1 2 2 3 2 2 3 2 3 2 1 2 2 3 2 1 2 2 1 2 2 2 3 3 1 2 2 2 2 2 2
 [75] 2 2 2 4 4 2 3 4 4 2 2 2 2 2 2 3 2 1 2 1 2 2 2 3 2 2 2 3 1 4 2 1 2 1 4 1 2
[112] 2 2 2 2 2 2 1 2 2 2 2 2 4 4 1 1 1 2 4 2 3 2 2 1 2 1 3 2 2 2 2 2 2 2 3 4 2
[149] 2 3 2 4 2 2 2 1 2 1 2 1 2 2 3 2 3 2 2 3 2 2 2 2 2 2 2 1 1 2 1 1 2

Within cluster sum of squares by cluster:
[1] 0.2584778 0.2594686 0.1398461 0.3317471
 (between_SS / total_SS =  84.2 %)

Available components:

[1] "cluster"      "centers"      "totss"        "withinss"     "tot.withinss"
[6] "betweenss"    "size"         "iter"         "ifault"      
