K-means clustering with 4 clusters of sizes 24, 30, 11, 116

Cluster means:
  Bare.nuclei  Bl.cromatin  Cell.shape   Cell.size Cl.thickness Epith.c.size
1  0.08574230  0.052891743  0.16617630  0.21038069   0.12960582  0.053972621
2  0.10689898  0.079702672  0.19753946  0.22454312   0.01715717  0.041506343
3  0.15427533  0.056391664  0.14193247  0.02012720   0.01835683  0.033793939
4 -0.01210903 -0.008072973 -0.02424328 -0.02860974  -0.02102884 -0.006997071
  Marg.adhesion      Mitoses Normal.nucleoli           age           sex
1   0.037106592  0.009305285     0.041189390  0.0030044874  1.147051e-03
2   0.055426520  0.005449912     0.053819977 -0.0018435600  3.297769e-04
3   0.016637621  0.003570770     0.077375012 -0.0002839947  2.166616e-03
4  -0.002607583 -0.002731450    -0.007925581 -0.0006260142 -5.857417e-05

Clustering vector:
  [1] 4 4 1 4 2 2 3 1 3 4 4 4 4 4 1 4 4 4 4 2 2 4 4 4 4 4 1 4 4 2 3 4 1 2 3 4 4
 [38] 4 4 4 4 4 4 3 4 4 3 4 4 2 4 2 4 2 4 4 2 4 1 4 4 1 4 4 4 2 2 2 4 4 4 4 4 4
 [75] 4 4 4 1 3 4 2 2 1 4 4 4 4 4 4 1 2 4 4 1 4 4 4 2 4 4 4 1 1 3 4 3 4 3 2 2 4
[112] 4 4 4 4 4 4 1 4 4 4 4 4 2 1 1 2 1 4 2 4 2 4 4 2 4 4 4 4 4 4 4 4 4 4 2 3 4
[149] 4 1 4 1 4 4 4 2 4 2 4 1 4 4 1 4 4 4 4 1 4 4 4 4 4 4 4 2 1 2 1 2 4

Within cluster sum of squares by cluster:
[1] 0.2781079 0.2666779 0.2571124 0.2461105
 (between_SS / total_SS =  84.4 %)

Available components:

[1] "cluster"      "centers"      "totss"        "withinss"     "tot.withinss"
[6] "betweenss"    "size"         "iter"         "ifault"      
